Webots Project File version R2020b
perspectives: 000000ff00000000fd00000003000000000000000000000000fc0100000001fb0000001a0044006f00630075006d0065006e0074006100740069006f006e0000000000ffffffff0000005400ffffff0000000100000082000004a8fc0200000001fb0000001400540065007800740045006400690074006f0072010000001f000004a80000003f00ffffff0000000300000a00000000ebfc0100000001fb0000001a0043006f006e0073006f006c00650041006c006c0041006c006c010000000000000a000000006200ffffff00000978000004a800000001000000020000000100000008fc00000000
simulationViewPerspectives: 000000ff000000010000000200000000000004600100000006010000000100
sceneTreePerspectives: 000000ff0000000100000002000000c0000000fc0100000006010000000200
maximizedDockId: -1
centralWidgetVisible: 1
orthographicViewHeight: 1
textFiles: -1
consoles: Console:All:All
renderingDevicePerspectives: tesla:console;1;1;0.578801;0.00264784
renderingDevicePerspectives: tesla:speedometer;1;1;0;0
